0 20 25
1 30 39
2 38 54
3 51 67
4 60 101
5 79 151
6 94 228
7 108 289
8 109 337
9 111 330
10 103 350
11 107 411
12 108 428
13 112 406
14 111 384
15 111 367
16 106 341
17 105 324
18 108 351
19 105 424
20 127 476
21 134 484
22 138 536
23 127 575
24 125 567
25 108 539
26 100 552
27 90 543
28 81 577
29 87 589
30 108 564
31 112 531
32 114 436
33 121 406
34 123 398
35 134 334
36 141 326
37 149 334
38 139 312
39 139 294
40 140 356
41 163 407
42 167 405
43 135 413
44 111 393
45 98 414
46 105 459
47 98 438
48 108 470
49 111 468
50 120 453
51 120 436
52 123 401
53 113 377
54 108 408
55 116 434
56 112 420
57 124 457
58 147 466
59 149 423
60 178 410
61 218 433
62 225 422
63 251 447
64 250 446
65 260 467
66 268 501
67 259 503
68 226 545
69 193 607
70 161 632
71 138 580
72 120 515
73 121 429
74 129 406
75 112 398
76 111 377
77 108 349
78 82 343
79 63 328
80 55 305
81 60 312
82 73 265
83 88 200
84 95 185
85 99 185
86 121 173
87 154 167
88 196 149
89 222 172
90 251 178
91 302 171
92 351 194
93 421 224
94 437 310
95 477 358
96 455 454
97 408 541
98 359 605
99 295 545
100 287 478
101 297 442
102 267 444
103 237 421
104 196 421
105 159 443
106 120 470
107 68 455
108 57 371
109 48 307
110 57 254
111 73 227
112 88 222
113 108 212
114 124 177
115 146 153
116 177 125
117 218 123
118 276 128
119 306 147
120 380 173
121 396 215
122 462 235
123 458 240
124 486 248
125 489 253
126 475 234
127 466 256
128 456 249
129 404 277
130 332 247
131 263 270
132 217 288
133 166 307
134 132 274
135 143 273
136 145 259
137 142 212
138 126 174
139 140 165
140 174 139
141 192 130
142 201 109
143 227 118
144 236 120
145 256 122
146 295 124
147 311 147
148 348 170
149 400 160
150 432 162
151 384 184
152 388 193
153 411 186
154 381 170
155 342 166
156 274 197
157 230 207
158 174 200
159 144 203
160 132 202
161 120 158
162 127 150
163 122 111
164 141 99
165 163 85
166 192 64
167 220 54
168 244 57
169 288 53
170 313 56
171 351 71
172 374 83
173 384 90
174 403 117
175 398 109
176 384 108
177 393 90
178 405 67
179 425 51
180 388 53
181 355 66
182 323 64
183 303 76
184 262 78
185 222 84
186 218 72
187 210 50
188 221 46
189 233 48
190 260 51
191 276 53
192 254 39
193 261 36
194 242 40
195 265 42
196 250 51
197 272 50
198 303 62
199 296 54
200 292 54
201 303 57
202 296 60
203 310 59
204 302 61
205 288 50
206 300 53
207 287 42
208 293 38
209 264 31
210 293 31
211 283 25
212 289 24
213 262 25
214 259 29
215 266 35
216 297 47
217 290 52
218 262 33
219 263 30
220 292 22
221 282 22
222 282 22
223 291 35
224 265 31
225 302 22
226 266 11
227 275 13
228 256 15
229 291 18
230 298 13
231 293 13
232 286 8
233 279 8
234 311 3
235 277 6
236 286 0
237 286 0
238 275 0
239 265 0
240 277 0
241 266 0
242 273 0
243 300 0
244 275 0
245 297 0
246 317 0
247 297 0
248 280 0
249 266 0
250 294 0
251 319 0
252 319 0
253 347 0
254 330 0
255 312 0
256 293 0
257 295 0
258 261 0
259 269 0
260 281 0
261 274 0
262 339 0
263 334 0
264 314 0
265 303 0
266 282 0
267 250 0
268 260 0
269 238 0
270 225 0
271 230 0
272 209 0
273 234 0
274 223 0
275 231 0
276 246 0
277 254 0
278 276 0
279 294 0
280 312 0
281 330 0
282 362 0
283 386 0
284 391 0
285 395 0
286 405 0
287 370 0
288 335 0
289 305 0
290 272 0
291 280 0
292 237 0
293 187 0
294 173 0
295 169 0
296 168 0
297 172 0
298 163 0
299 164 0
300 177 0
